6 7 8.566093
6 18 2.0937655
6 19 2.0693345
6 36 4.234257
6 37 3.4160872
6 38 4.770666
6 41 3.5051396
6 43 2.9505725
6 45 4.287682
6 46 4.7259583
6 47 4.254523
6 56 3.0469
7 6 8.566093
7 18 2.4798589
7 19 1.0503954
7 36 2.5473323
7 37 3.633159
7 38 2.9804223
7 41 2.3722813
7 43 1.19817
7 45 3.8692088
7 46 1.0661774
7 51 1.5994233
7 53 1.188664
18 6 2.0937655
18 7 2.4798589
18 19 5.612309
18 37 2.9089184
18 38 3.2811615
18 43 4.103777
18 47 2.305467
18 51 2.347751
18 53 1.1632055
18 72 1.4771376
19 6 2.0693345
19 7 1.0503954
19 18 5.612309
19 36 1.3858238
19 37 2.8749754
19 38 2.882556
19 41 3.4415762
19 43 2.8970656
19 45 2.3388486
19 47 1.1392827
19 53 1.7244489
19 56 1.495823
36 6 4.234257
36 7 2.5473323
36 19 1.3858238
36 37 6.9450436
36 38 4.259858
36 45 1.701595
36 46 2.813291
36 47 2.0721705
36 51 1.4067842
36 53 1.5682467
36 163 1.1994817
37 6 3.4160872
37 7 3.633159
37 18 2.9089184
37 19 2.8749754
37 36 6.9450436
37 38 8.484488
37 41 3.246516
37 43 1.0931469
37 45 1.7650307
37 46 1.4590858
37 47 2.507659
38 6 4.770666
38 7 2.9804223
38 18 3.2811615
38 19 2.882556
38 36 4.259858
38 37 8.484488
38 41 2.441307
38 43 2.8770764
38 45 3.3181589
38 46 1.0971997
38 47 1.6163169
38 56 2.122146
38 62 1.1624682
38 122 1.2121286
41 6 3.5051396
41 7 2.3722813
41 19 3.4415762
41 37 3.246516
41 38 2.441307
41 43 11.777261
41 46 20.959711
41 47 7.719091
41 53 3.8946075
41 192 6.0626736
43 6 2.9505725
43 7 1.19817
43 18 4.103777
43 19 2.8970656
43 37 1.0931469
43 38 2.8770764
43 41 11.777261
43 45 3.7350445
43 46 5.293069
43 47 3.0323122
43 51 1.7645297
43 56 1.7062625
43 58 1.0637542
45 6 4.287682
45 7 3.8692088
45 19 2.3388486
45 36 1.701595
45 37 1.7650307
45 38 3.3181589
45 43 3.7350445
45 46 6.5292187
45 47 3.192835
45 53 2.646723
45 56 4.1324816
45 72 2.6888278
46 6 4.7259583
46 7 1.0661774
46 36 2.813291
46 37 1.4590858
46 38 1.0971997
46 41 20.959711
46 43 5.293069
46 45 6.5292187
46 47 6.3633842
46 51 2.355219
46 53 3.5007167
46 56 4.5548925
46 163 2.0081563
47 6 4.254523
47 18 2.305467
47 19 1.1392827
47 36 2.0721705
47 37 2.507659
47 38 1.6163169
47 41 7.719091
47 43 3.0323122
47 45 3.192835
47 46 6.3633842
47 51 1.7347708
47 56 1.1183242
47 58 2.7888374
47 72 1.0914681
47 75 1.2448541
47 78 1.4747729
47 80 2.5099716
47 222 3.4940052
51 7 1.5994233
51 18 2.347751
51 36 1.4067842
51 43 1.7645297
51 46 2.355219
51 47 1.7347708
51 53 2.6257958
51 56 4.555341
51 57 1.8997089
51 58 5.6799736
51 62 1.6635484
51 75 3.3804953
51 80 2.5560064
51 83 1.1148973
53 7 1.188664
53 18 1.1632055
53 19 1.7244489
53 36 1.5682467
53 41 3.8946075
53 45 2.646723
53 46 3.5007167
53 51 2.6257958
53 56 1.6927255
53 57 5.647324
53 58 6.3318887
53 62 1.8544811
53 71 6.0534267
53 75 1.8842448
53 77 2.0223567
53 78 1.4881706
53 163 1.4925742
56 6 3.0469
56 19 1.495823
56 38 2.122146
56 43 1.7062625
56 45 4.1324816
56 46 4.5548925
56 47 1.1183242
56 51 4.555341
56 53 1.6927255
56 57 16.07654
56 58 2.7462065
56 62 3.2172315
56 72 4.299135
56 75 1.6344335
56 77 1.7542344
56 78 3.872611
56 82 1.4626691
56 163 1.9420353
57 51 1.8997089
57 53 5.647324
57 56 16.07654
57 58 7.2805233
57 62 4.025036
57 71 6.569293
57 72 1.7928636
57 75 1.363212
57 77 2.9262664
57 78 4.8449726
57 83 1.7983651
57 163 2.4296546
58 43 1.0637542
58 47 2.7888374
58 51 5.6799736
58 53 6.3318887
58 56 2.7462065
58 57 7.2805233
58 62 4.011509
58 71 9.820825
58 72 2.6802576
58 75 6.1138377
58 77 2.187324
58 78 1.2071725
58 80 6.163597
58 83 2.688482
58 163 1.2107447
58 190 3.1412592
58 194 8.927203
58 239 1.3500769
62 38 1.1624682
62 51 1.6635484
62 53 1.8544811
62 56 3.2172315
62 57 4.025036
62 58 4.011509
62 71 17.257914
62 72 7.849928
62 75 2.3874912
62 77 1.2812451
62 78 1.4142249
62 80 3.610384
62 82 3.739028
62 192 3.849121
71 53 6.0534267
71 57 6.569293
71 58 9.820825
71 62 17.257914
71 72 26.305723
71 75 17.534897
71 82 5.2307124
72 18 1.4771376
72 45 2.6888278
72 47 1.0914681
72 56 4.299135
72 57 1.7928636
72 58 2.6802576
72 62 7.849928
72 71 26.305723
72 75 7.975916
72 77 1.7121074
72 78 1.889806
72 80 4.824498
72 82 2.8550875
75 47 1.2448541
75 51 3.3804953
75 53 1.8842448
75 56 1.6344335
75 57 1.363212
75 58 6.1138377
75 62 2.3874912
75 71 17.534897
75 72 7.975916
75 77 5.8581386
75 78 5.74769
75 82 2.7135985
75 194 5.313118
75 222 5.1064973
75 237 1.1763752
77 53 2.0223567
77 56 1.7542344
77 57 2.9262664
77 58 2.187324
77 62 1.2812451
77 72 1.7121074
77 75 5.8581386
77 78 8.482356
77 80 3.9372115
77 82 2.9125006
77 122 4.007939
77 192 1.04939
78 47 1.4747729
78 53 1.4881706
78 56 3.872611
78 57 4.8449726
78 58 1.2071725
78 62 1.4142249
78 72 1.889806
78 75 5.74769
78 77 8.482356
78 80 6.5187783
78 82 3.2147875
78 83 2.8434076
78 192 1.1583056
78 193 5.6101913
78 222 6.0496435
80 47 2.5099716
80 51 2.5560064
80 58 6.163597
80 62 3.610384
80 72 4.824498
80 77 3.9372115
80 78 6.5187783
80 82 3.2828207
80 83 7.258954
80 122 11.293857
80 237 1.7789241
80 238 1.8189985
82 56 1.4626691
82 62 3.739028
82 71 5.2307124
82 72 2.8550875
82 75 2.7135985
82 77 2.9125006
82 78 3.2147875
82 80 3.2828207
82 83 10.373844
82 163 2.5794404
82 190 1.6730798
82 193 2.1189458
83 51 1.1148973
83 57 1.7983651
83 58 2.688482
83 78 2.8434076
83 80 7.258954
83 82 10.373844
83 146 1.1987767
83 163 1.9012142
83 193 3.1236005
83 194 7.0091267
83 237 1.5518878
122 38 1.2121286
122 77 4.007939
122 80 11.293857
146 83 1.1987767
146 163 2.159453
163 36 1.1994817
163 46 2.0081563
163 53 1.4925742
163 56 1.9420353
163 57 2.4296546
163 58 1.2107447
163 82 2.5794404
163 83 1.9012142
163 146 2.159453
163 190 2.2214048
163 192 1.1617333
163 193 2.8133962
163 222 6.0675445
163 240 1.1474859
190 58 3.1412592
190 82 1.6730798
190 163 2.2214048
190 192 9.042298
190 222 15.742154
190 239 2.4770434
192 41 6.0626736
192 62 3.849121
192 77 1.04939
192 78 1.1583056
192 163 1.1617333
192 190 9.042298
192 193 16.76704
192 194 17.13165
192 238 3.87856
193 78 5.6101913
193 82 2.1189458
193 83 3.1236005
193 163 2.8133962
193 192 16.76704
193 238 2.3481996
194 58 8.927203
194 75 5.313118
194 83 7.0091267
194 192 17.13165
222 47 3.4940052
222 75 5.1064973
222 78 6.0496435
222 163 6.0675445
222 190 15.742154
237 75 1.1763752
237 80 1.7789241
237 83 1.5518878
237 238 11.815701
237 239 6.2345
237 240 3.7465932
238 80 1.8189985
238 192 3.87856
238 193 2.3481996
238 237 11.815701
238 239 11.221065
238 240 10.535233
239 58 1.3500769
239 190 2.4770434
239 237 6.2345
239 238 11.221065
239 240 12.491196
240 163 1.1474859
240 237 3.7465932
240 238 10.535233
240 239 12.491196
